$ 3 0.000002834467120181406 0.05352614285189903 27 5 50 5e-11
w 520 168 520 216 0
w 440 168 440 200 0
a 440 216 520 216 8 15 -15 1000000 -3.9317005024020604e-7 0 100000
c 440 168 520 168 0 0.0000057999999999999995 -0.03931739819407085 0.001
r 400 200 440 200 0 1000
a 208 200 280 200 8 15 -15 1000000 0.019659911431717993 0.019658502512010314 100000
r 208 152 280 152 0 100
r 208 184 160 184 0 100
r 208 216 160 216 0 100
r 208 216 208 264 0 100
w 208 184 208 152 0
w 280 152 280 200 0
g 208 264 208 280 0 0
w 160 296 160 216 0
g 440 232 440 256 0 0
w 520 216 520 296 0
w 520 296 160 296 0
a 344 200 400 200 10 15 -15 1000000 5 2.5 100000
R 344 208 344 240 0 0 40 2.5 0 0 0.5
183 280 200 328 200 0 0.5 -0.1 0.1 5 0
w 328 200 328 192 0
w 328 192 344 192 0
207 280 152 280 112 4 difference
207 520 296 520 328 4 decoded
207 344 192 344 152 4 encoded
w 344 192 408 104 0
w 648 472 928 472 0
w 928 472 992 472 0
w 992 472 992 576 0
409 1024 592 1112 592 3 10 -0.33146002934447516 300 0
g 1064 656 1064 680 0 0
w 1064 560 1064 472 0
R 1064 472 1064 440 0 0 40 5 0 0 0.5
w 992 576 1024 576 0
w 1024 608 952 608 0
r 952 608 952 552 0 1000
r 952 608 952 656 0 1000
R 952 552 952 504 0 0 40 5 0 0 0.5
w 952 656 1064 656 0
w 1064 656 1064 624 0
l 1160 592 1240 592 0 0.01 -8.313293991651667e-7 0
r 1272 592 1272 656 0 4
w 1216 656 1064 656 0
411 160 184 32 184 0 1 40 5 0 0 0.5 5 20 1
w 1216 656 1272 656 0
c 1160 592 1112 592 0 0.000009999999999999999 -0.9801292303871023 0.001
w 1264 592 1272 592 0
w 1240 592 1264 592 0
w 1240 216 1264 216 0
w 1264 216 1272 216 0
w 1216 280 1272 280 0
211 1272 216 1376 216 0 3 44100 1
r 1272 216 1272 280 0 4
l 1160 216 1240 216 0 0.0006 0.15623797532524858 0
w 952 280 1064 280 0
R 1064 96 1064 64 0 0 40 5 0 0 0.5
w 1064 128 1064 96 0
g 1064 280 1064 304 0 0
w 992 96 992 200 0
w 928 96 992 96 0
w 648 96 928 96 0
w 1064 216 1112 216 0
w 648 96 408 104 0
w 1024 232 1008 232 0
w 1016 144 1008 144 0
w 1008 144 1008 232 0
w 1008 232 992 232 0
w 992 232 992 200 0
f 1024 232 1064 232 48 1.5 20
w 1064 248 1064 280 0
f 1016 144 1064 144 49 1.5 20
w 1064 160 1064 216 0
p 1160 216 1160 280 3 0 0
w 1216 280 1160 280 0
w 1160 280 1064 280 0
c 1112 216 1160 216 0 0.00001 3.7518519468137 0.001
o 23 16 0 4098 5.1004347936708925 0.0001 0 2 23 3
o 22 2 0 4098 0.9076583578951288 0.0001 1 2 22 3
o 24 1 0 4098 10 0.00009765625 2 2 24 3
o 51 2 0 12290 2.454041386000863 0.0001 3 1

